[LEFT_CAM_2K]
fx=1402.6
fy=1402.6
cx=1143.42
cy=662.319
k1=-0.168958
k2=0.022435

[RIGHT_CAM_2K]
fx=1395.53
fy=1395.53
cx=1148.35
cy=659.974
k1=-0.171246
k2=0.0253005

[LEFT_CAM_FHD]
fx=1402.6
fy=1402.6
cx=999.422
cy=581.319
k1=-0.168958
k2=0.022435

[RIGHT_CAM_FHD]
fx=1395.53
fy=1395.53
cx=1004.35
cy=578.974
k1=-0.171246
k2=0.0253005

[LEFT_CAM_HD]
fx=701.302
fy=701.302
cx=658.211
cy=379.16
k1=-0.168958
k2=0.022435

[RIGHT_CAM_HD]
fx=697.767
fy=697.767
cx=660.673
cy=377.987
k1=-0.171246
k2=0.0253005

[LEFT_CAM_VGA]
fx=350.651
fy=350.651
cx=344.606
cy=197.08
k1=-0.168958
k2=0.022435

[RIGHT_CAM_VGA]
fx=348.883
fy=348.883
cx=345.836
cy=196.493
k1=-0.171246
k2=0.0253005

[STEREO]
Baseline=120
CV_2K=0.0127756
CV_FHD=0.0127756
CV_HD=0.0127756
CV_VGA=0.0127756
RX_2K=0.0103824
RX_FHD=0.0103824
RX_HD=0.0103824
RX_VGA=0.0103824
RZ_2K=-0.000708322
RZ_FHD=-0.000708322
RZ_HD=-0.000708322
RZ_VGA=-0.000708322



